1721605452655 1.0751537904739379 0
1721605452718 0.6653715405464172 1
1721605452782 0.49880979585647583 2
1721605452845 0.4048468453884125 3
1721605452912 0.3572059679031372 4
1721605452974 0.3251235020160675 5
1721605453041 0.30094195413589475 6
1721605453103 0.28660619258880615 7
1721605453166 0.27780999302864073 8
1721605453231 0.26810320258140563 9
1721605453293 0.26605543673038484 10
1721605453353 0.263717368721962 11
1721605453417 0.2596165838241577 12
1721605453482 0.2578038449287415 13
1721605453543 0.25549021899700164 14
1721605453604 0.25342839562892916 15
1721605453668 0.2515679409503937 16
1721605453730 0.2514051402807236 17
1721605453796 0.249586439371109 18
1721605453861 0.24760898792743682 19
1721605453923 0.24593366861343383 20
1721605453990 0.24463154363632203 21
1721605454052 0.24366453945636748 22
1721605454117 0.24285940718650817 23
1721605454178 0.24247602736949922 24
