1721604697427 0.28372389245033264 0
1721604697495 0.26932062482833863 1
1721604697561 0.2629783598184586 2
1721604697623 0.2582319054603577 3
1721604697685 0.25439865279197693 4
1721604697746 0.25140786850452423 5
1721604697814 0.24904691815376281 6
1721604697881 0.24732902646064758 7
1721604697947 0.2460555511713028 8
1721604698017 0.24507800257205964 9
1721604698083 0.24430718433856963 10
1721604698149 0.2436885005235672 11
1721604698213 0.24317077457904815 12
1721604698278 0.24273469698429107 13
1721604698352 0.2423573397397995 14
1721604698433 0.2420258103609085 15
1721604698505 0.2417365996837616 16
1721604698570 0.24146976137161255 17
1721604698636 0.24122440111637117 18
1721604698698 0.24099752700328828 19
1721604698764 0.2407908480167389 20
1721604698828 0.24059632503986358 21
1721604698893 0.2404245582818985 22
1721604698956 0.24026976644992828 23
1721604699023 0.2401331228017807 24
