1721606652275 2.182124209403992 0
1721606652410 1.2930145053863524 1
1721606652546 0.9865552883148193 2
1721606652680 0.7137236218452454 3
1721606652819 0.5564879038333893 4
1721606652955 0.43671737813949585 5
1721606653089 0.3680757496356964 6
1721606653224 0.333868371963501 7
1721606653359 0.30872749876976013 8
1721606653493 0.29212596035003663 9
1721606653626 0.2776211516857147 10
1721606653763 0.27232393908500674 11
1721606653896 0.26722911274433137 12
1721606654028 0.2659633346796036 13
1721606654163 0.2630502735376358 14
1721606654295 0.26122112953662874 15
1721606654423 0.26031167089939117 16
1721606654555 0.25921261703968046 17
1721606654691 0.258301584482193 18
1721606654827 0.2571598491668701 19
1721606654961 0.2556898868083954 20
1721606655094 0.2546805372238159 21
1721606655229 0.2518014360666275 22
1721606655364 0.24948278534412385 23
1721606655499 0.24647560083866119 24
