1721606540241 1.7397858238220214 0
1721606540401 1.2093966245651244 1
1721606540562 0.8770909752845765 2
1721606540723 0.6701014623641968 3
1721606540882 0.5337046558856964 4
1721606541041 0.4293157343864441 5
1721606541202 0.3629783923625946 6
1721606541360 0.32884524774551394 7
1721606541519 0.3007797718048096 8
1721606541680 0.2873838291168213 9
1721606541835 0.2804554795026779 10
1721606541993 0.27184002780914307 11
1721606542147 0.2697346706390381 12
1721606542303 0.2667106053829193 13
1721606542458 0.264578538775444 14
1721606542612 0.26319490015506747 15
1721606542769 0.26290556132793425 16
1721606542927 0.26230550622940063 17
1721606543088 0.26163811528682707 18
1721606543248 0.2610609756708145 19
1721606543407 0.2603043448925018 20
1721606543564 0.25842524981498716 21
1721606543728 0.25682792127132414 22
1721606543888 0.2549013170003891 23
1721606544044 0.2532986274957657 24
