1721605734824 1.0419324097633362 0
1721605734922 0.5408859391212464 1
1721605735018 0.4091506676673889 2
1721605735112 0.34602976608276365 3
1721605735205 0.31363149333000184 4
1721605735298 0.29187630677223203 5
1721605735391 0.27946734631061554 6
1721605735484 0.268663437128067 7
1721605735578 0.26040693461894987 8
1721605735676 0.2545230679512024 9
1721605735777 0.2500304188728332 10
1721605735872 0.24490920770168303 11
1721605735964 0.2427302657365799 12
1721605736059 0.2398823711872101 13
1721605736157 0.23777471470832826 14
1721605736248 0.23465522575378417 15
1721605736342 0.2334864990711212 16
1721605736437 0.23043050849437713 17
1721605736533 0.2289035964012146 18
1721605736626 0.2270714637041092 19
1721605736718 0.22516673934459686 20
1721605736809 0.22222834634780883 21
1721605736896 0.22425508689880372 22
1721605736988 0.21996853864192964 23
1721605737082 0.2218913093805313 24
