1721604749588 0.2741567726135254 0
1721604749662 0.2627206066846848 1
1721604749732 0.2577600294351578 2
1721604749805 0.2531245869398117 3
1721604749879 0.24948025739192964 4
1721604749955 0.2468614798784256 5
1721604750030 0.24501639819145202 6
1721604750101 0.24364922654628754 7
1721604750173 0.24256054162979127 8
1721604750244 0.2416537320613861 9
1721604750313 0.24088771772384643 10
1721604750386 0.24025103056430816 11
1721604750468 0.23971083199977875 12
1721604750559 0.23925144040584564 13
1721604750641 0.23885189878940583 14
1721604750715 0.2385033768415451 15
1721604750786 0.2381871281862259 16
1721604750859 0.23790105760097505 17
1721604750935 0.23765297961235046 18
1721604751012 0.23743029892444611 19
1721604751083 0.23723582768440246 20
1721604751154 0.2370533390045166 21
1721604751226 0.2368800894021988 22
1721604751294 0.2367056578397751 23
1721604751366 0.23655243790149688 24
