1721605656461 2.364320276260376 0
1721605656545 0.7641078481674194 1
1721605656628 0.5573657371997833 2
1721605656716 0.43198338317871093 3
1721605656801 0.37433407497406007 4
1721605656885 0.33089896297454835 5
1721605656972 0.30070554065704347 6
1721605657065 0.29068447232246397 7
1721605657153 0.2752041594982147 8
1721605657241 0.26773016583919523 9
1721605657327 0.26194459629058836 10
1721605657411 0.25777204215526583 11
1721605657496 0.2538369052410126 12
1721605657580 0.2509768283367157 13
1721605657669 0.2475235092639923 14
1721605657754 0.24477440571784972 15
1721605657836 0.2442299200296402 16
1721605657921 0.2406258919239044 17
1721605658016 0.23914103138446807 18
1721605658103 0.23736062240600586 19
1721605658190 0.23621025264263154 20
1721605658275 0.23591741299629213 21
1721605658364 0.23423972451686859 22
1721605658448 0.23298516631126404 23
1721605658533 0.23285167133808135 24
