1721604824381 0.3285683333873749 0
1721604824460 0.30551040315628053 1
1721604824542 0.29063283014297486 2
1721604824622 0.2792713799476624 3
1721604824702 0.2722871963977814 4
1721604824785 0.26647428822517394 5
1721604824865 0.2586666946411133 6
1721604824943 0.2519662009477615 7
1721604825028 0.24899842298030853 8
1721604825110 0.24742212617397308 9
1721604825188 0.24604938220977784 10
1721604825274 0.2449894071817398 11
1721604825368 0.24417899358272552 12
1721604825451 0.24349621379375458 13
1721604825528 0.24293530917167663 14
1721604825614 0.2424654850959778 15
1721604825695 0.24206913244724274 16
1721604825774 0.24172788190841674 17
1721604825859 0.24143910479545594 18
1721604825940 0.24120220172405243 19
1721604826027 0.24099571990966798 20
1721604826111 0.24081245732307435 21
1721604826192 0.24064699149131774 22
1721604826273 0.2404926587343216 23
1721604826356 0.2403447985649109 24
