1721605189664 0.28076523303985595 0
1721605189782 0.2574478182792664 1
1721605189901 0.250366308093071 2
1721605190024 0.24667691969871522 3
1721605190149 0.24455785405635833 4
1721605190269 0.2429155876636505 5
1721605190390 0.2416623623371124 6
1721605190528 0.24059170162677765 7
1721605190651 0.23965998661518098 8
1721605190770 0.23884392404556273 9
1721605190889 0.2381071983575821 10
1721605191011 0.23743780744075776 11
1721605191132 0.2368089723587036 12
1721605191252 0.2361976946592331 13
1721605191375 0.23558519864082336 14
1721605191498 0.23496391057968138 15
1721605191621 0.23432282137870789 16
1721605191741 0.2336879258155823 17
1721605191865 0.23304042959213256 18
1721605191986 0.23237837421894073 19
1721605192107 0.2316990352869034 20
1721605192226 0.23099025452136993 21
1721605192348 0.23029116833209992 22
1721605192468 0.2295556342601776 23
1721605192585 0.2287880620956421 24
