1721604844894 0.25997559905052187 0
1721604844978 0.2555728989839554 1
1721604845065 0.2520846484899521 2
1721604845147 0.24911238729953766 3
1721604845232 0.24680973720550536 4
1721604845313 0.2450357072353363 5
1721604845396 0.24353596794605256 6
1721604845485 0.24211575114727021 7
1721604845568 0.24082235634326934 8
1721604845652 0.2398303837776184 9
1721604845739 0.23903826677799225 10
1721604845838 0.2383784087896347 11
1721604845928 0.23782957470417024 12
1721604846013 0.23735065543651582 13
1721604846094 0.23690414130687715 14
1721604846178 0.236455073595047 15
1721604846263 0.23604997873306274 16
1721604846348 0.23566841232776642 17
1721604846430 0.23530045568943023 18
1721604846515 0.23493253993988036 19
1721604846598 0.23450811874866487 20
1721604846680 0.23403904390335084 21
1721604846770 0.23357950234413147 22
1721604846853 0.2331219835281372 23
1721604846936 0.23269880497455597 24
