1721605787272 0.5019009191989898 0
1721605787371 0.38340372443199155 1
1721605787468 0.3273408250808716 2
1721605787566 0.2977232468128204 3
1721605787662 0.28155130410194396 4
1721605787758 0.2676314227581024 5
1721605787855 0.25872927737236023 6
1721605787954 0.25553454387187957 7
1721605788062 0.2525076928138733 8
1721605788158 0.24886227345466613 9
1721605788256 0.2484475156068802 10
1721605788357 0.246396355509758 11
1721605788457 0.2452697446346283 12
1721605788556 0.24423809599876403 13
1721605788653 0.24288953602313995 14
1721605788746 0.24285998845100404 15
1721605788842 0.2418761249780655 16
1721605788939 0.24181822299957276 17
1721605789047 0.24123028421401976 18
1721605789146 0.24012946629524232 19
1721605789247 0.23967572331428527 20
1721605789343 0.2405265157222748 21
1721605789440 0.23918907368183137 22
1721605789539 0.23844359385967254 23
1721605789640 0.23870474016666413 24
