1721605811633 0.8394501838684082 0
1721605811736 0.6183505663871766 1
1721605811835 0.45729719161987303 2
1721605811930 0.37966889905929563 3
1721605812034 0.3343981966972351 4
1721605812135 0.3064717750549316 5
1721605812232 0.2859267385005951 6
1721605812331 0.27611613965034487 7
1721605812429 0.2687576344013214 8
1721605812529 0.2629897805452347 9
1721605812624 0.2601148269176483 10
1721605812720 0.2569946802854538 11
1721605812819 0.25683950436115266 12
1721605812919 0.2540153497457504 13
1721605813021 0.25146691453456876 14
1721605813123 0.2523613016605377 15
1721605813222 0.2501186798810959 16
1721605813324 0.24840203976631164 17
1721605813432 0.24643434143066406 18
1721605813533 0.24489645445346833 19
1721605813639 0.24398970675468445 20
1721605813743 0.24410848116874695 21
1721605813847 0.242922917842865 22
1721605813952 0.2426329766511917 23
1721605814059 0.2420180027484894 24
