1721605973489 1.122184284210205 0
1721605973628 0.7156916627883911 1
1721605973760 0.5350144772529603 2
1721605973902 0.44314098691940307 3
1721605974038 0.36566051030158997 4
1721605974176 0.3338070323467255 5
1721605974309 0.3044067544937134 6
1721605974445 0.28644802045822143 7
1721605974581 0.2777797794342041 8
1721605974718 0.27197645998001097 9
1721605974854 0.2673164097070694 10
1721605974993 0.2644843257665634 11
1721605975128 0.26111768913269046 12
1721605975262 0.2599133474826813 13
1721605975396 0.25869376277923584 14
1721605975510 0.2578740428686142 15
1721605975624 0.25634406685829164 16
1721605975739 0.2552737330198288 17
1721605975856 0.2539759893417358 18
1721605975967 0.25227757716178895 19
1721605976083 0.2501072862148285 20
1721605976194 0.24730360817909242 21
1721605976310 0.24523502147197723 22
1721605976430 0.2435424406528473 23
1721605976543 0.2412252459526062 24
