1721605473382 1.3435868692398072 0
1721605473440 0.7224260697364807 1
1721605473496 0.4977723045349121 2
1721605473553 0.40411459398269656 3
1721605473607 0.3475373542308807 4
1721605473665 0.3157036242485046 5
1721605473722 0.2984508259296417 6
1721605473786 0.2845302457809448 7
1721605473840 0.2753963751792908 8
1721605473898 0.27067260253429415 9
1721605473956 0.26561860513687136 10
1721605474013 0.2644997601509094 11
1721605474067 0.26290171313285826 12
1721605474133 0.2608676210641861 13
1721605474196 0.2599857020378113 14
1721605474262 0.2577356704473496 15
1721605474327 0.2576187357902527 16
1721605474397 0.2558181654214859 17
1721605474462 0.25276078581809996 18
1721605474528 0.2509601126909256 19
1721605474593 0.2489659721851349 20
1721605474660 0.24843098843097686 21
1721605474727 0.24679467976093292 22
1721605474792 0.24526539170742034 23
1721605474859 0.24493948030471802 24
