1721605708361 0.6939788246154786 0
1721605708450 0.4211017897129059 1
1721605708541 0.3530063397884369 2
1721605708631 0.3127744290828705 3
1721605708721 0.2853149815797806 4
1721605708810 0.27203716921806337 5
1721605708900 0.26186717343330385 6
1721605708995 0.2548364337682724 7
1721605709090 0.24802079451084136 8
1721605709181 0.24487704610824584 9
1721605709273 0.24123827016353608 10
1721605709364 0.2377387192249298 11
1721605709457 0.2352317546606064 12
1721605709546 0.23368011617660522 13
1721605709635 0.23004654562473298 14
1721605709726 0.2277225044965744 15
1721605709816 0.22823025047779083 16
1721605709908 0.22471084928512572 17
1721605710008 0.22141737711429596 18
1721605710106 0.21914662945270538 19
1721605710200 0.2177833570241928 20
1721605710289 0.21688407158851625 21
1721605710378 0.21250167918205262 22
1721605710465 0.2123429218530655 23
1721605710555 0.2100978126525879 24
