1721605764723 0.9562244148254394 0
1721605764818 0.537821934223175 1
1721605764916 0.4395451958179474 2
1721605765015 0.3665510983467102 3
1721605765114 0.32979073929786684 4
1721605765208 0.3063807897567749 5
1721605765304 0.29505806028842924 6
1721605765401 0.27108728563785556 7
1721605765504 0.2675848170518875 8
1721605765600 0.2609827293157578 9
1721605765694 0.2530609897375107 10
1721605765791 0.25052462780475615 11
1721605765889 0.24583659398555754 12
1721605765988 0.2438779901266098 13
1721605766081 0.24222503340244292 14
1721605766178 0.23981433916091918 15
1721605766270 0.23645761144161223 16
1721605766364 0.23377181994915008 17
1721605766463 0.23177761125564575 18
1721605766557 0.23145161628723143 19
1721605766653 0.2288393542766571 20
1721605766750 0.22808793103694916 21
1721605766842 0.22449441719055177 22
1721605766936 0.22321610450744628 23
1721605767033 0.2235485417842865 24
