1721606359667 1.7678525400161744 0
1721606359787 1.2814679222106933 1
1721606359904 0.9963480243682862 2
1721606360023 0.7762310466766358 3
1721606360147 0.6127752218246459 4
1721606360268 0.48582505226135253 5
1721606360390 0.41813826727867126 6
1721606360511 0.36086559200286866 7
1721606360635 0.33202399396896365 8
1721606360750 0.3015536522865295 9
1721606360872 0.2889965250492096 10
1721606360993 0.27804468846321106 11
1721606361116 0.2744387860298157 12
1721606361236 0.26845201873779295 13
1721606361356 0.26715514647960664 14
1721606361478 0.26460245037078856 15
1721606361599 0.26425185549259184 16
1721606361755 0.2634704554080963 17
1721606361920 0.26110185265541075 18
1721606362086 0.2612067803144455 19
1721606362246 0.2606997298002243 20
1721606362406 0.2596349468231201 21
1721606362565 0.25945736610889436 22
1721606362731 0.2591856392621994 23
1721606362893 0.25817679762840273 24
