1721605218393 0.2582741845846176 0
1721605218516 0.2511803985834122 1
1721605218640 0.2466801128387451 2
1721605218758 0.24350921130180359 3
1721605218879 0.24101705253124237 4
1721605219003 0.2390674648284912 5
1721605219126 0.23759343671798705 6
1721605219268 0.23644166076183318 7
1721605219391 0.23543389880657195 8
1721605219512 0.23452556312084197 9
1721605219615 0.2336121927499771 10
1721605219717 0.23264866399765013 11
1721605219834 0.23160151469707488 12
1721605219958 0.23046195352077484 13
1721605220068 0.22917132544517518 14
1721605220170 0.22769820344448088 15
1721605220272 0.22600635647773742 16
1721605220374 0.22414282345771788 17
1721605220485 0.22201809322834015 18
1721605220587 0.21971692574024201 19
1721605220694 0.21733918607234956 20
1721605220799 0.21495197713375092 21
1721605220903 0.21254441249370576 22
1721605221014 0.21020541727542877 23
1721605221116 0.20830627596378326 24
