1721605681431 0.43411476707458496 0
1721605681523 0.33426238226890564 1
1721605681615 0.29728099274635317 2
1721605681707 0.27083631432056426 3
1721605681803 0.2557693039178848 4
1721605681900 0.24578379559516908 5
1721605681994 0.23955251252651213 6
1721605682100 0.23561936247348786 7
1721605682203 0.23400440084934235 8
1721605682308 0.2300963261127472 9
1721605682413 0.2293474818468094 10
1721605682516 0.22800280475616455 11
1721605682610 0.22612066161632538 12
1721605682699 0.2253697702884674 13
1721605682791 0.22345517134666443 14
1721605682883 0.22100505590438843 15
1721605682977 0.21903323090076446 16
1721605683070 0.21656955432891845 17
1721605683162 0.2145522315502167 18
1721605683254 0.2120305597782135 19
1721605683345 0.2099377063512802 20
1721605683432 0.2091533604860306 21
1721605683522 0.2066331570148468 22
1721605683608 0.2055724837779999 23
1721605683696 0.2031453503370285 24
