1721606732553 0.6930657839775085 0
1721606732696 0.5249396138191224 1
1721606732836 0.4098608326911926 2
1721606732981 0.3331239409446716 3
1721606733123 0.2943964741230011 4
1721606733266 0.26945081567764284 5
1721606733408 0.25775533032417297 6
1721606733551 0.2501517314910889 7
1721606733694 0.2471840648651123 8
1721606733836 0.24339019680023194 9
1721606733977 0.24080262351036072 10
1721606734117 0.24090290462970734 11
1721606734264 0.2393758351802826 12
1721606734405 0.2392286880016327 13
1721606734548 0.2370769144296646 14
1721606734692 0.23664816629886626 15
1721606734838 0.23476847565174103 16
1721606734979 0.2331649923324585 17
1721606735125 0.23269238233566283 18
1721606735269 0.23151644194126128 19
1721606735411 0.22964211118221284 20
1721606735553 0.2274677972793579 21
1721606735695 0.22578462719917297 22
1721606735841 0.224138086438179 23
1721606735980 0.22059213805198669 24
