1721604666804 0.43691452431678773 0
1721604666866 0.3860991942882538 1
1721604666925 0.34714574861526487 2
1721604666989 0.3128781700134277 3
1721604667053 0.2807111809253693 4
1721604667114 0.26104244935512544 5
1721604667177 0.2545924301147461 6
1721604667238 0.25236749815940857 7
1721604667298 0.2508810133934021 8
1721604667357 0.24957856011390686 9
1721604667416 0.24860220837593078 10
1721604667478 0.24784774267673493 11
1721604667540 0.24707320857048035 12
1721604667599 0.24645913922786714 13
1721604667665 0.24585094130039215 14
1721604667739 0.24495517241954803 15
1721604667813 0.2444891622066498 16
1721604667879 0.24401353526115419 17
1721604667949 0.24358863198757172 18
1721604668014 0.24323858094215392 19
1721604668072 0.24293280911445617 20
1721604668123 0.24267684304714202 21
1721604668176 0.2424638682603836 22
1721604668227 0.2422894276380539 23
1721604668278 0.24214883637428283 24
