1721604786225 0.26011746835708616 0
1721604786306 0.2562092483043671 1
1721604786391 0.25267578423023224 2
1721604786479 0.2494229600429535 3
1721604786562 0.24681044101715088 4
1721604786641 0.2445495755672455 5
1721604786723 0.24261745703220366 6
1721604786810 0.2410006207227707 7
1721604786889 0.23967125356197358 8
1721604786969 0.23861469280719758 9
1721604787054 0.2377395188808441 10
1721604787155 0.23705537915229796 11
1721604787230 0.23647901928424836 12
1721604787301 0.23597026264667512 13
1721604787368 0.2354977161884308 14
1721604787440 0.23506470823287964 15
1721604787507 0.2346746962070465 16
1721604787577 0.2343063198328018 17
1721604787650 0.23392722141742706 18
1721604787714 0.23356221783161163 19
1721604787780 0.23318306910991668 20
1721604787844 0.23277963626384734 21
1721604787912 0.23232762670516968 22
1721604787975 0.2318691266775131 23
1721604788046 0.2314377133846283 24
