1721606773081 1.233730453491211 0
1721606773225 0.7720819029808045 1
1721606773375 0.5703370628356934 2
1721606773518 0.4338320231437683 3
1721606773659 0.3668583381175995 4
1721606773803 0.32513409113883973 5
1721606773949 0.2979162089824677 6
1721606774091 0.2813119468688965 7
1721606774236 0.2737054991722107 8
1721606774378 0.2660221230983734 9
1721606774524 0.2613652344942093 10
1721606774669 0.2583891998529434 11
1721606774812 0.25456115663051604 12
1721606774962 0.25183289992809293 13
1721606775108 0.24922059512138367 14
1721606775253 0.247313130736351 15
1721606775396 0.24501044845581055 16
1721606775541 0.24350740027427673 17
1721606775690 0.24274226903915405 18
1721606775831 0.24140160143375397 19
1721606775977 0.2403652617931366 20
1721606776120 0.23851233518123627 21
1721606776266 0.239187881231308 22
1721606776410 0.23655900132656096 23
1721606776552 0.2350548539161682 24
