1721605434085 0.7145486168861389 0
1721605434144 0.4940059497356415 1
1721605434206 0.3884517874717712 2
1721605434263 0.3320719079971313 3
1721605434326 0.30288419032096864 4
1721605434386 0.2848783738613129 5
1721605434446 0.27217442834377287 6
1721605434508 0.2675359748601914 7
1721605434569 0.26090170431137083 8
1721605434631 0.2566581270694733 9
1721605434692 0.25538619923591616 10
1721605434756 0.25216993725299836 11
1721605434819 0.251104589343071 12
1721605434880 0.24864135134220122 13
1721605434941 0.2472967357635498 14
1721605435004 0.24545556056499482 15
1721605435068 0.244429554104805 16
1721605435131 0.24377924311161042 17
1721605435194 0.24184413528442383 18
1721605435255 0.2409461714029312 19
1721605435316 0.24075421667098998 20
1721605435378 0.24033510303497316 21
1721605435441 0.23931450843811036 22
1721605435504 0.2387616115808487 23
1721605435565 0.23757233703136443 24
