1721605511986 1.0436716299057007 0
1721605512052 0.576228816986084 1
1721605512111 0.4164543812274933 2
1721605512171 0.3561112716197968 3
1721605512230 0.32276716899871827 4
1721605512289 0.29764421367645266 5
1721605512348 0.2760908272266388 6
1721605512407 0.2709204205274582 7
1721605512466 0.2605803434848785 8
1721605512528 0.25752628993988036 9
1721605512586 0.25168376982212065 10
1721605512647 0.2522287915945053 11
1721605512703 0.24792538738250733 12
1721605512761 0.2466899962425232 13
1721605512820 0.24427773773670197 14
1721605512876 0.24338175237178802 15
1721605512936 0.24280251967906952 16
1721605512996 0.24123079073429107 17
1721605513060 0.24036796045303344 18
1721605513120 0.23990993309020997 19
1721605513183 0.23864416921138765 20
1721605513243 0.2378497476577759 21
1721605513304 0.23631454646587371 22
1721605513361 0.23679462206363677 23
1721605513425 0.2355086818933487 24
