1721606132694 0.4865650336742401 0
1721606132829 0.3879623839855194 1
1721606132965 0.32456959295272825 2
1721606133100 0.2875936186313629 3
1721606133225 0.266102444767952 4
1721606133353 0.25269438230991365 5
1721606133490 0.2459642825126648 6
1721606133623 0.24034999763965606 7
1721606133748 0.23898967552185058 8
1721606133873 0.2358036787509918 9
1721606134001 0.23383582401275635 10
1721606134125 0.23388287723064421 11
1721606134248 0.2308683922290802 12
1721606134374 0.23138607037067413 13
1721606134503 0.22922744965553285 14
1721606134639 0.22653535616397857 15
1721606134769 0.2250178678035736 16
1721606134899 0.22213285398483276 17
1721606135034 0.22107346034049988 18
1721606135165 0.21845541512966157 19
1721606135298 0.21583652675151824 20
1721606135435 0.21368978035449981 21
1721606135576 0.2117476279735565 22
1721606135702 0.211020254611969 23
1721606135826 0.2087721759080887 24
