1721605417157 0.4414850075244904 0
1721605417217 0.337566684961319 1
1721605417275 0.30075219392776487 2
1721605417333 0.2800279612541199 3
1721605417391 0.267951540350914 4
1721605417451 0.2584205639362335 5
1721605417509 0.2534972378015518 6
1721605417567 0.25047226643562315 7
1721605417628 0.24907671773433684 8
1721605417684 0.24614661979675292 9
1721605417742 0.2458052384853363 10
1721605417798 0.24384087431430818 11
1721605417858 0.24259379088878633 12
1721605417920 0.2422957661151886 13
1721605417982 0.24137045574188232 14
1721605418042 0.2413758591413498 15
1721605418105 0.24043112897872926 16
1721605418164 0.2398202486038208 17
1721605418227 0.23934191584587097 18
1721605418286 0.23873227405548095 19
1721605418347 0.237595143198967 20
1721605418407 0.2375784536600113 21
1721605418467 0.23634757125377656 22
1721605418526 0.23591757667064667 23
1721605418585 0.23591515707969665 24
