1721606396811 2.001444766044617 0
1721606396934 1.4439970874786376 1
1721606397054 1.0069945735931396 2
1721606397176 0.7528790287971496 3
1721606397295 0.6284418487548828 4
1721606397417 0.5207424893379211 5
1721606397538 0.42539422297477725 6
1721606397662 0.3624680736064911 7
1721606397785 0.33370988607406615 8
1721606397908 0.30713463711738587 9
1721606398034 0.29364539170265197 10
1721606398156 0.2826583471298218 11
1721606398279 0.27669411778450015 12
1721606398403 0.27056837475299833 13
1721606398527 0.26873191833496096 14
1721606398647 0.2677351727485657 15
1721606398770 0.2671344108581543 16
1721606398892 0.265862135887146 17
1721606399016 0.2648659166097641 18
1721606399139 0.2640350717306137 19
1721606399262 0.26381903183460237 20
1721606399385 0.26390756273269655 21
1721606399510 0.26345691084861755 22
1721606399630 0.2629329319000244 23
1721606399753 0.2634221979379654 24
