1721606576262 0.7885839805603028 0
1721606576391 0.5986490426063538 1
1721606576523 0.4752801342010498 2
1721606576651 0.3832755906581879 3
1721606576781 0.3314665341377258 4
1721606576911 0.2954912881851196 5
1721606577043 0.2756187646389008 6
1721606577175 0.2611737312078476 7
1721606577306 0.2557987129688263 8
1721606577438 0.25250713288784027 9
1721606577564 0.24773747515678407 10
1721606577694 0.24672938621044158 11
1721606577827 0.2456772574186325 12
1721606577960 0.24326324832439422 13
1721606578095 0.24183007621765137 14
1721606578228 0.24187843930721284 15
1721606578361 0.24041751170158387 16
1721606578492 0.240703875541687 17
1721606578626 0.24121180534362793 18
1721606578761 0.24025916123390198 19
1721606578894 0.24027717578411104 20
1721606579028 0.23911643278598785 21
1721606579161 0.23904264438152314 22
1721606579292 0.23744362151622772 23
1721606579427 0.23700608623027802 24
