1721606168260 0.8083824934959412 0
1721606168390 0.5014309108257293 1
1721606168523 0.38752553749084473 2
1721606168657 0.342099130153656 3
1721606168786 0.30447059917449953 4
1721606168913 0.28642370104789733 5
1721606169047 0.2710140535831451 6
1721606169180 0.26339378583431244 7
1721606169318 0.258466381072998 8
1721606169454 0.2508358167409897 9
1721606169594 0.24773471999168395 10
1721606169730 0.24291070914268495 11
1721606169870 0.242025990486145 12
1721606170005 0.2401676001548767 13
1721606170141 0.2378916095495224 14
1721606170274 0.2356049098968506 15
1721606170403 0.23408062767982482 16
1721606170536 0.23332742309570312 17
1721606170667 0.23123163056373597 18
1721606170796 0.22957300102710723 19
1721606170923 0.22815839695930482 20
1721606171054 0.22590919959545136 21
1721606171187 0.22369313251972198 22
1721606171323 0.21954205191135406 23
1721606171451 0.22123629879951476 24
