1721605627397 1.4722954173088074 0
1721605627483 0.6476775126457215 1
1721605627567 0.4909393746852875 2
1721605627652 0.3923958191871643 3
1721605627738 0.3422064988613129 4
1721605627819 0.30851671695709226 5
1721605627904 0.29010021150112153 6
1721605627988 0.2771993397474289 7
1721605628071 0.2701190960407257 8
1721605628155 0.263210702419281 9
1721605628239 0.2591100684404373 10
1721605628322 0.2534592658281326 11
1721605628401 0.24942919409275055 12
1721605628488 0.24732458460330964 13
1721605628571 0.24437701416015625 14
1721605628653 0.24253173780441284 15
1721605628740 0.24088531923294068 16
1721605628822 0.23939209711551665 17
1721605628907 0.23853604555130004 18
1721605628990 0.2368292496204376 19
1721605629074 0.23528447914123535 20
1721605629158 0.23436651241779327 21
1721605629239 0.23214207983016968 22
1721605629322 0.22960203862190245 23
1721605629402 0.22953196775913237 24
