1721605029616 0.26298211920261383 0
1721605029721 0.25465105366706847 1
1721605029824 0.2507567547559738 2
1721605029926 0.24802563726902008 3
1721605030032 0.24585094451904296 4
1721605030138 0.24396917593479156 5
1721605030246 0.24240835404396058 6
1721605030352 0.2411672728061676 7
1721605030461 0.24017351365089418 8
1721605030574 0.23933330762386323 9
1721605030679 0.23865883004665375 10
1721605030786 0.23809772181510924 11
1721605030890 0.2376153655052185 12
1721605030998 0.23723087239265442 13
1721605031105 0.23688921391963957 14
1721605031214 0.23658982133865356 15
1721605031321 0.23632774412631988 16
1721605031428 0.23602119874954225 17
1721605031538 0.2357015439271927 18
1721605031642 0.23537681770324706 19
1721605031747 0.23507530224323273 20
1721605031852 0.23475354397296905 21
1721605031953 0.23445060384273528 22
1721605032060 0.23415128087997436 23
1721605032165 0.23385009717941285 24
