1721604866012 0.28763809645175936 0
1721604866098 0.26454479479789733 1
1721604866183 0.2602168401479721 2
1721604866270 0.25818540728092193 3
1721604866356 0.2563051176071167 4
1721604866443 0.2542671272754669 5
1721604866532 0.2521480450630188 6
1721604866620 0.2501693615913391 7
1721604866702 0.2485057966709137 8
1721604866789 0.24717290472984313 9
1721604866881 0.24608697474002839 10
1721604866982 0.24517839992046356 11
1721604867070 0.244409161567688 12
1721604867158 0.24377789044380188 13
1721604867248 0.24325242495536803 14
1721604867336 0.24284316873550416 15
1721604867427 0.24250178456306457 16
1721604867516 0.24220006597042085 17
1721604867605 0.2419457401037216 18
1721604867691 0.24171505868434906 19
1721604867778 0.2415111620426178 20
1721604867867 0.2413316910266876 21
1721604867954 0.24116852259635926 22
1721604868047 0.2410196967124939 23
1721604868134 0.2408884321451187 24
