1721606694602 3.1052983551025393 0
1721606694738 1.6300402879714966 1
1721606694880 1.1605567994117736 2
1721606695017 0.8441121654510498 3
1721606695163 0.6426276597976684 4
1721606695299 0.49386094737052916 5
1721606695441 0.4123843679428101 6
1721606695580 0.3631000273227692 7
1721606695723 0.3256280429363251 8
1721606695862 0.3029860098361969 9
1721606696001 0.28521338367462157 10
1721606696141 0.27834504103660584 11
1721606696280 0.2738357082605362 12
1721606696423 0.2678355302810669 13
1721606696564 0.26548364436626437 14
1721606696707 0.26473907101154326 15
1721606696847 0.26269750142097475 16
1721606696989 0.2612383854389191 17
1721606697132 0.2605830426216125 18
1721606697271 0.25982637429237365 19
1721606697415 0.2587505443096161 20
1721606697554 0.2584941571950912 21
1721606697694 0.2574040434360504 22
1721606697834 0.25595164942741394 23
1721606697975 0.2557078727483749 24
