1721605602263 0.6778787250518798 0
1721605602343 0.45416093921661377 1
1721605602424 0.3694675190448761 2
1721605602501 0.3241072072982788 3
1721605602582 0.29942752861976624 4
1721605602667 0.2774355081319809 5
1721605602749 0.2661178842782974 6
1721605602827 0.2601872792243958 7
1721605602909 0.2545125216245651 8
1721605602989 0.24966317808628083 9
1721605603072 0.24687801170349122 10
1721605603155 0.2435685237646103 11
1721605603238 0.24254555416107176 12
1721605603319 0.24126601123809815 13
1721605603401 0.23933850038051604 14
1721605603487 0.23795981895923615 15
1721605603564 0.23710870957374572 16
1721605603645 0.2352594599723816 17
1721605603727 0.23456808590888978 18
1721605603805 0.23434089767932892 19
1721605603886 0.23161392641067505 20
1721605603962 0.2312976348400116 21
1721605604043 0.22899474239349366 22
1721605604122 0.22597296762466432 23
1721605604202 0.22322013509273528 24
