1721606430042 0.7636790022850036 0
1721606430167 0.5950065197944641 1
1721606430293 0.45365318131446836 2
1721606430420 0.3888673839569092 3
1721606430547 0.33858168840408326 4
1721606430676 0.30061378073692324 5
1721606430802 0.2795621830224991 6
1721606430930 0.27043599617481234 7
1721606431056 0.26250825357437135 8
1721606431184 0.2561187286376953 9
1721606431308 0.25304238772392273 10
1721606431432 0.24932544922828676 11
1721606431558 0.24817775821685792 12
1721606431684 0.2461868062019348 13
1721606431810 0.2444656217098236 14
1721606431934 0.2438345637321472 15
1721606432060 0.24382069778442383 16
1721606432185 0.24401722633838654 17
1721606432313 0.24296454071998597 18
1721606432439 0.2430583084821701 19
1721606432565 0.2428072942495346 20
1721606432691 0.24354999113082887 21
1721606432815 0.24133399820327758 22
1721606432941 0.24281906604766845 23
1721606433066 0.2411876803636551 24
