1721606252202 1.1718777160644531 0
1721606252351 0.7062546453475952 1
1721606252490 0.519271769285202 2
1721606252636 0.42209189081192017 3
1721606252776 0.3661879138946533 4
1721606252916 0.3332108030319214 5
1721606253054 0.30225820779800416 6
1721606253189 0.28227078795433047 7
1721606253329 0.27744188404083253 8
1721606253469 0.2679348704814911 9
1721606253603 0.2614807859659195 10
1721606253745 0.25673838436603547 11
1721606253885 0.2528714772462845 12
1721606254028 0.2502356227636337 13
1721606254170 0.24775271785259248 14
1721606254308 0.24496143996715547 15
1721606254443 0.24256608593463896 16
1721606254586 0.24136992645263672 17
1721606254730 0.23983459424972534 18
1721606254878 0.23682886588573457 19
1721606255031 0.23634990632534028 20
1721606255182 0.23418683874607085 21
1721606255354 0.233159170627594 22
1721606255498 0.23248552250862123 23
1721606255656 0.23032932484149932 24
