1721604731358 0.3144949014186859 0
1721604731440 0.28311518239974975 1
1721604731515 0.26246649289131163 2
1721604731586 0.2541116806268692 3
1721604731658 0.2504677461385727 4
1721604731728 0.24780318474769591 5
1721604731801 0.2459259216785431 6
1721604731874 0.24446374440193178 7
1721604731941 0.24327230525016785 8
1721604732012 0.24226330471038818 9
1721604732085 0.24139855110645295 10
1721604732157 0.24067474782466888 11
1721604732236 0.24005802607536317 12
1721604732323 0.23953597128391266 13
1721604732400 0.2390868023633957 14
1721604732477 0.2387011886835098 15
1721604732543 0.23837398171424865 16
1721604732613 0.23808102452754976 17
1721604732692 0.2378076730966568 18
1721604732760 0.23755400335788726 19
1721604732828 0.2373177261352539 20
1721604732899 0.2370955458879471 21
1721604732970 0.23688381099700928 22
1721604733041 0.23668841552734374 23
1721604733109 0.23650271570682527 24
