1721604767409 0.4031909170150757 0
1721604767491 0.3683389296531677 1
1721604767564 0.33192463564872743 2
1721604767638 0.28474886834621427 3
1721604767714 0.2573772863149643 4
1721604767792 0.25123038053512575 5
1721604767869 0.24851929926872254 6
1721604767945 0.24647423613071442 7
1721604768025 0.24520153999328614 8
1721604768102 0.24414351081848146 9
1721604768183 0.24334345197677612 10
1721604768258 0.24269260454177857 11
1721604768351 0.24217501187324525 12
1721604768441 0.2417585287094116 13
1721604768519 0.2414198076725006 14
1721604768593 0.24114142668247224 15
1721604768666 0.24090896344184876 16
1721604768742 0.2407126933336258 17
1721604768817 0.24054722273349763 18
1721604768894 0.24039715051651 19
1721604768970 0.24025893104076385 20
1721604769050 0.24012929630279542 21
1721604769124 0.2400012205839157 22
1721604769202 0.23987598943710328 23
1721604769277 0.23975631201267242 24
