1721605532880 1.1469486503601074 0
1721605532958 0.6299464139938354 1
1721605533038 0.45946837472915647 2
1721605533113 0.3873774490356445 3
1721605533192 0.3410755114555359 4
1721605533273 0.31513077712059023 5
1721605533351 0.2940875997543335 6
1721605533425 0.2805989351272583 7
1721605533498 0.2719123020172119 8
1721605533569 0.2647745897769928 9
1721605533641 0.2620595222711563 10
1721605533718 0.25783720207214356 11
1721605533797 0.25506494343280794 12
1721605533873 0.2518490936756134 13
1721605533949 0.24965292346477508 14
1721605534029 0.24704299223423004 15
1721605534106 0.24529340863227844 16
1721605534180 0.24349730241298675 17
1721605534261 0.24187391364574432 18
1721605534334 0.24181915354728697 19
1721605534408 0.24091660666465758 20
1721605534479 0.23964462518692017 21
1721605534556 0.23855274665355683 22
1721605534630 0.2383298556804657 23
1721605534704 0.23668253254890442 24
