1721606001685 0.5254348404407502 0
1721606001799 0.42001441979408266 1
1721606001915 0.3465626893043518 2
1721606002033 0.3060572934150696 3
1721606002148 0.28000193762779235 4
1721606002261 0.26818587112426756 5
1721606002378 0.2544345654249191 6
1721606002496 0.2478176017999649 7
1721606002610 0.24635490369796753 8
1721606002725 0.24379368245601654 9
1721606002837 0.24012148928642274 10
1721606002953 0.24075535070896148 11
1721606003071 0.23903614509105683 12
1721606003186 0.2377774519920349 13
1721606003301 0.2367568154335022 14
1721606003452 0.23641962051391602 15
1721606003568 0.23501566421985626 16
1721606003687 0.23437772703170776 17
1721606003802 0.2342455952167511 18
1721606003922 0.23286929643154144 19
1721606004041 0.23166115581989288 20
1721606004157 0.23032985305786133 21
1721606004272 0.2288856806755066 22
1721606004392 0.22660355389118195 23
1721606004509 0.2245944365262985 24
