1721605080529 0.2626776247024536 0
1721605080639 0.2578135566711426 1
1721605080748 0.2552643327713013 2
1721605080857 0.2527781703472137 3
1721605080964 0.2501665976047516 4
1721605081079 0.24720856964588164 5
1721605081185 0.2446290110349655 6
1721605081296 0.24270808100700378 7
1721605081421 0.24124416756629943 8
1721605081527 0.24006849062442778 9
1721605081636 0.23896007883548737 10
1721605081741 0.23810517168045045 11
1721605081848 0.2374025282859802 12
1721605081952 0.23678612291812898 13
1721605082062 0.23624315416812897 14
1721605082167 0.23575619912147522 15
1721605082276 0.23530469274520874 16
1721605082383 0.23486766910552978 17
1721605082491 0.23444357454776765 18
1721605082598 0.23403320145606996 19
1721605082703 0.23363882672786712 20
1721605082811 0.23324732744693757 21
1721605082919 0.23286152160167695 22
1721605083030 0.2324776576757431 23
1721605083137 0.23209173679351808 24
