1721605557317 0.8798207178115844 0
1721605557398 0.5655137655735016 1
1721605557473 0.44321699380874635 2
1721605557552 0.37757146573066713 3
1721605557627 0.3291664493083954 4
1721605557713 0.30328719997406006 5
1721605557791 0.2896615152359009 6
1721605557866 0.2766513350009918 7
1721605557945 0.2699868674278259 8
1721605558026 0.2678399739265442 9
1721605558102 0.2622333483695984 10
1721605558178 0.2610961657762527 11
1721605558255 0.2584217095375061 12
1721605558332 0.25560749995708465 13
1721605558410 0.25334707522392275 14
1721605558487 0.25118455302715303 15
1721605558562 0.24880539417266845 16
1721605558638 0.24778596150875093 17
1721605558713 0.24504415476322175 18
1721605558788 0.2433158460855484 19
1721605558863 0.24142033684253691 20
1721605558937 0.24016778957843782 21
1721605559017 0.24073889243602753 22
1721605559093 0.23881668162345887 23
1721605559167 0.237335808634758 24
