1721604981670 0.3493779110908508 0
1721604981770 0.28641673028469083 1
1721604981871 0.25833786571025846 2
1721604981972 0.2511217731237412 3
1721604982078 0.24777952980995177 4
1721604982181 0.24568350636959077 5
1721604982277 0.24411305284500123 6
1721604982376 0.24284204697608947 7
1721604982481 0.24172253060340881 8
1721604982593 0.24074035632610322 9
1721604982693 0.23988232815265656 10
1721604982794 0.2391267776489258 11
1721604982897 0.23847895359992982 12
1721604983000 0.2379291732311249 13
1721604983106 0.23744419753551482 14
1721604983209 0.2370073367357254 15
1721604983307 0.23661539041996002 16
1721604983407 0.23624298369884492 17
1721604983509 0.2358884403705597 18
1721604983609 0.23553829085826875 19
1721604983710 0.23517926704883577 20
1721604983808 0.23482106244564058 21
1721604983909 0.23447716748714448 22
1721604984012 0.23414735329151154 23
1721604984114 0.23383237779140473 24
