1721604887362 0.2609013079404831 0
1721604887454 0.2569830195903778 1
1721604887546 0.2541793738603592 2
1721604887634 0.2520636669397354 3
1721604887725 0.25043382489681243 4
1721604887817 0.24888597118854522 5
1721604887910 0.24730457675457002 6
1721604888000 0.24558878922462463 7
1721604888090 0.24380652987957 8
1721604888182 0.24219305336475372 9
1721604888286 0.24088849687576294 10
1721604888370 0.23988030540943145 11
1721604888444 0.23913251602649688 12
1721604888518 0.23853514218330382 13
1721604888608 0.23805636775493622 14
1721604888698 0.2376618868112564 15
1721604888789 0.23731983041763305 16
1721604888878 0.23705041456222534 17
1721604888972 0.23682306241989134 18
1721604889067 0.23663940167427064 19
1721604889154 0.23648411428928376 20
1721604889243 0.23634898829460144 21
1721604889335 0.23623086035251617 22
1721604889426 0.2361272200345993 23
1721604889516 0.23602970528602601 24
