1721606099207 2.5805489892959597 0
1721606099331 0.9942124700546264 1
1721606099460 0.6983955888748169 2
1721606099594 0.5197672290802002 3
1721606099724 0.419321257352829 4
1721606099845 0.3659720158576965 5
1721606099970 0.3267767479419708 6
1721606100105 0.30762404727935794 7
1721606100231 0.2904290828704834 8
1721606100353 0.2769890501499176 9
1721606100476 0.2694535655975342 10
1721606100601 0.26479072332382203 11
1721606100726 0.2634202227592468 12
1721606100853 0.26021600973606107 13
1721606100981 0.2564798674583435 14
1721606101106 0.2536069529056549 15
1721606101236 0.25100674700736997 16
1721606101367 0.24847428488731385 17
1721606101501 0.2454365841150284 18
1721606101633 0.2436501795053482 19
1721606101769 0.24210940086841584 20
1721606101895 0.24021550357341767 21
1721606102029 0.2400496047735214 22
1721606102158 0.23922743022441864 23
1721606102289 0.23831291282176972 24
