1721606862067 1.8653550968170165 0
1721606862215 1.1567989711761475 1
1721606862366 0.7914115433692932 2
1721606862516 0.5694760768413544 3
1721606862666 0.4532412509918213 4
1721606862817 0.3705589945316315 5
1721606862965 0.33530906224250795 6
1721606863116 0.306707772731781 7
1721606863263 0.29185217356681825 8
1721606863412 0.2820428352355957 9
1721606863559 0.2725035594701767 10
1721606863710 0.26806473815441134 11
1721606863866 0.2640396609306335 12
1721606864013 0.26256131315231324 13
1721606864163 0.2607178319692612 14
1721606864310 0.2593071174621582 15
1721606864461 0.2580296394824982 16
1721606864611 0.25641579246520996 17
1721606864760 0.2538069332838058 18
1721606864911 0.25121851813793183 19
1721606865061 0.24906357252597808 20
1721606865209 0.2459350792169571 21
1721606865359 0.24541914546489715 22
1721606865507 0.2429860372543335 23
1721606865658 0.2420064697265625 24
