1721606287044 0.6666748309135437 0
1721606287180 0.5371013057231903 1
1721606287316 0.4212235996723175 2
1721606287446 0.36302644753456115 3
1721606287579 0.32404166674613955 4
1721606287710 0.29426337814331055 5
1721606287838 0.2786450092792511 6
1721606287976 0.2668676668405533 7
1721606288113 0.2637615892887116 8
1721606288250 0.2571802753210068 9
1721606288385 0.25526549911499025 10
1721606288531 0.2541022032499313 11
1721606288684 0.2526617237329483 12
1721606288846 0.250489443898201 13
1721606289013 0.24913569927215576 14
1721606289169 0.24980404722690583 15
1721606289316 0.2478643544912338 16
1721606289452 0.24647117114067077 17
1721606289595 0.24632715845108033 18
1721606289741 0.246054225564003 19
1721606289883 0.2451587255001068 20
1721606290024 0.24599603712558746 21
1721606290163 0.24512984549999237 22
1721606290300 0.24381430566310883 23
1721606290439 0.24495753943920134 24
