1721606206731 1.203398736000061 0
1721606206858 0.6641284065246582 1
1721606206987 0.4765092740058899 2
1721606207111 0.3913439123630524 3
1721606207235 0.3418763120174408 4
1721606207367 0.3109052040576935 5
1721606207503 0.2930819418430328 6
1721606207641 0.2799316737651825 7
1721606207783 0.2696737403869629 8
1721606207918 0.262423753619194 9
1721606208057 0.2556376806497574 10
1721606208203 0.2536216802597046 11
1721606208356 0.24817711079120636 12
1721606208501 0.24501923966407776 13
1721606208640 0.24430979192256927 14
1721606208768 0.24041856110095977 15
1721606208895 0.2392710543870926 16
1721606209029 0.23691728651523591 17
1721606209172 0.23581971931457518 18
1721606209307 0.23249401664733887 19
1721606209445 0.23252579736709594 20
1721606209585 0.23041898608207703 21
1721606209722 0.22911526465415955 22
1721606209861 0.2272522600889206 23
1721606209999 0.2248882622718811 24
