1721604909637 0.2683001772165298 0
1721604909733 0.2576308228969574 1
1721604909824 0.2528398571014404 2
1721604909914 0.24932323157787323 3
1721604910012 0.24653165340423583 4
1721604910106 0.24436515390872957 5
1721604910196 0.2426639267206192 6
1721604910288 0.24128446412086488 7
1721604910376 0.24013976097106934 8
1721604910481 0.23922804522514343 9
1721604910581 0.2384809238910675 10
1721604910674 0.2378633667230606 11
1721604910765 0.237339404463768 12
1721604910857 0.2368467333316803 13
1721604910949 0.23642144799232484 14
1721604911044 0.23600766170024873 15
1721604911134 0.23561222505569457 16
1721604911225 0.23521995067596435 17
1721604911318 0.2348182133436203 18
1721604911412 0.23439384245872497 19
1721604911507 0.2339363774061203 20
1721604911601 0.23346025037765503 21
1721604911697 0.23296939766407013 22
1721604911790 0.2324698370695114 23
1721604911879 0.23196745824813841 24
