1721604933146 0.2617033212184906 0
1721604933246 0.25716274082660673 1
1721604933342 0.255437856554985 2
1721604933439 0.25467780089378356 3
1721604933539 0.2540085519552231 4
1721604933636 0.25283361339569094 5
1721604933734 0.25072424495220186 6
1721604933830 0.24732217562198638 7
1721604933925 0.24342736852169036 8
1721604934022 0.24066347312927247 9
1721604934116 0.23902519929409027 10
1721604934207 0.23802540862560273 11
1721604934292 0.2373381859064102 12
1721604934387 0.2368167997598648 13
1721604934485 0.23638373529911041 14
1721604934583 0.236037642121315 15
1721604934680 0.23572168302536012 16
1721604934775 0.23544512593746186 17
1721604934876 0.23517999374866486 18
1721604934971 0.23493833768367767 19
1721604935075 0.23469655394554137 20
1721604935183 0.23448276650905608 21
1721604935292 0.2342612692117691 22
1721604935396 0.2340270631313324 23
1721604935506 0.23379305970668793 24
