1721606613562 1.2775408716201782 0
1721606613694 0.8767195105552673 1
1721606613830 0.6386420001983643 2
1721606613963 0.5124172959327697 3
1721606614099 0.40915845465660095 4
1721606614230 0.3542191278934479 5
1721606614365 0.3128642063140869 6
1721606614495 0.292201180934906 7
1721606614629 0.27854101598262787 8
1721606614761 0.27026452350616453 9
1721606614900 0.26516610956192016 10
1721606615034 0.26163575339317324 11
1721606615169 0.2587221615314484 12
1721606615307 0.25703162598609924 13
1721606615443 0.25417781007289886 14
1721606615579 0.252515327334404 15
1721606615715 0.2503869593143463 16
1721606615852 0.24739086973667146 17
1721606616020 0.24580541813373566 18
1721606616180 0.24634331583976746 19
1721606616340 0.2443136922121048 20
1721606616500 0.24419437658786775 21
1721606616661 0.24321616864204407 22
1721606616824 0.2426597421169281 23
1721606616986 0.24245383429527284 24
