1721605942711 1.2888294630050658 0
1721605942819 0.786527368068695 1
1721605942927 0.5708059182167053 2
1721605943040 0.4571988241672516 3
1721605943148 0.39079720520973205 4
1721605943259 0.3390931215286255 5
1721605943375 0.3158371407985687 6
1721605943492 0.29544977807998657 7
1721605943603 0.2847300670146942 8
1721605943714 0.27411401450634004 9
1721605943826 0.2690792130231857 10
1721605943933 0.2630432106256485 11
1721605944046 0.2615214213132858 12
1721605944151 0.2588710224628448 13
1721605944261 0.2557972000837326 14
1721605944376 0.2545108686685562 15
1721605944491 0.2507876113653183 16
1721605944604 0.2485260214805603 17
1721605944716 0.24554631197452545 18
1721605944827 0.24589525997638703 19
1721605944939 0.24539351522922515 20
1721605945054 0.24374798691272737 21
1721605945165 0.24233014833927155 22
1721605945275 0.24120011043548584 23
1721605945386 0.2409783718585968 24
