1721605054749 0.26665221619606017 0
1721605054854 0.2559822944402695 1
1721605054958 0.2516915479898453 2
1721605055071 0.24867936313152314 3
1721605055179 0.2463169882297516 4
1721605055290 0.24436020123958588 5
1721605055399 0.2426543276309967 6
1721605055511 0.24109179306030273 7
1721605055635 0.23971638560295105 8
1721605055745 0.23871029603481292 9
1721605055852 0.23790585052967073 10
1721605055960 0.23723335695266723 11
1721605056071 0.2366882504224777 12
1721605056178 0.23622566294670105 13
1721605056285 0.23581006133556365 14
1721605056390 0.23544330978393554 15
1721605056493 0.235085396528244 16
1721605056602 0.2347254592180252 17
1721605056710 0.2343784865140915 18
1721605056816 0.2340287479162216 19
1721605056922 0.23366300666332246 20
1721605057034 0.23329759669303893 21
1721605057142 0.23293717753887178 22
1721605057249 0.2325683261156082 23
1721605057358 0.232207258105278 24
