1721606464738 1.5389695291519165 0
1721606464870 1.061660066127777 1
1721606465022 0.7826506061553955 2
1721606465172 0.6211467328071594 3
1721606465323 0.49084209084510805 4
1721606465475 0.4099464766979218 5
1721606465627 0.34748578691482546 6
1721606465788 0.32201348185539247 7
1721606465944 0.29171644115448 8
1721606466100 0.28289861273765565 9
1721606466254 0.2739383153915405 10
1721606466412 0.2691934846639633 11
1721606466567 0.2638449057340622 12
1721606466726 0.26078488159179686 13
1721606466884 0.2586885861158371 14
1721606467036 0.25914683544635775 15
1721606467194 0.25679345142841337 16
1721606467351 0.25558860576152803 17
1721606467510 0.25489186227321625 18
1721606467669 0.2540932426452637 19
1721606467828 0.2524008584022522 20
1721606467983 0.25064569973945616 21
1721606468140 0.24943422317504882 22
1721606468295 0.24874648272991182 23
1721606468456 0.24741803693771364 24
