1721605888503 0.5585034203529358 0
1721605888609 0.40822750759124754 1
1721605888715 0.34322030377388 2
1721605888822 0.30738610672950745 3
1721605888927 0.28287622570991516 4
1721605889036 0.26826717042922976 5
1721605889141 0.2590537133216858 6
1721605889249 0.253736380815506 7
1721605889354 0.24895026636123657 8
1721605889461 0.24609771597385408 9
1721605889566 0.24480837285518647 10
1721605889671 0.24361371314525604 11
1721605889776 0.2414539669752121 12
1721605889884 0.24105316531658172 13
1721605889994 0.24007135200500487 14
1721605890099 0.23882973515987396 15
1721605890209 0.23867415058612823 16
1721605890317 0.23846556985378264 17
1721605890426 0.2383628352880478 18
1721605890535 0.2378143206834793 19
1721605890641 0.2366324908733368 20
1721605890749 0.23642471647262572 21
1721605890856 0.2350302826166153 22
1721605890964 0.23486718714237212 23
1721605891072 0.23362505340576173 24
