1721606062998 1.6390503015518187 0
1721606063121 0.8272091569900513 1
1721606063244 0.5996400361061096 2
1721606063369 0.45645484018325805 3
1721606063494 0.38693442225456237 4
1721606063618 0.3382879114151001 5
1721606063742 0.3118736498355866 6
1721606063866 0.29411609983444215 7
1721606063994 0.28122639846801756 8
1721606064121 0.27252607071399687 9
1721606064244 0.26563421881198884 10
1721606064367 0.26153578877449035 11
1721606064494 0.25719291043281556 12
1721606064618 0.254827264547348 13
1721606064742 0.2521571975946426 14
1721606064867 0.2504258404970169 15
1721606064988 0.24682443761825562 16
1721606065116 0.24519176352024077 17
1721606065241 0.2442297819852829 18
1721606065367 0.24247009074687959 19
1721606065488 0.24077599442005157 20
1721606065614 0.2403376169204712 21
1721606065734 0.2389397758245468 22
1721606065854 0.23808389723300935 23
1721606065972 0.23709835970401763 24
