1721605005379 0.28661642503738405 0
1721605005482 0.264637451171875 1
1721605005586 0.25724394488334656 2
1721605005688 0.25308007204532623 3
1721605005791 0.25037875449657443 4
1721605005890 0.2484926210641861 5
1721605005995 0.24713539683818816 6
1721605006099 0.24610894429683686 7
1721605006209 0.24529746425151824 8
1721605006323 0.24464167535305023 9
1721605006423 0.24409472119808198 10
1721605006524 0.24364284598827363 11
1721605006623 0.24326784074306487 12
1721605006725 0.24293571710586548 13
1721605006825 0.24264363467693328 14
1721605006927 0.24240457952022554 15
1721605007032 0.24219703102111817 16
1721605007139 0.24199618220329286 17
1721605007243 0.24185613298416136 18
1721605007346 0.24171732783317565 19
1721605007445 0.24158403480052948 20
1721605007544 0.24149100267887116 21
1721605007647 0.24138769125938417 22
1721605007749 0.24131860041618347 23
1721605007851 0.2412325476408005 24
