1721605578915 0.4484666531085968 0
1721605578997 0.3553487570285797 1
1721605579075 0.30984431290626524 2
1721605579153 0.282652130484581 3
1721605579228 0.2641224982738495 4
1721605579308 0.25601425337791445 5
1721605579386 0.24809660792350768 6
1721605579471 0.24323588132858276 7
1721605579548 0.2416887879371643 8
1721605579626 0.23926268136501314 9
1721605579701 0.23736613428592682 10
1721605579779 0.23713543069362641 11
1721605579857 0.2357640870809555 12
1721605579934 0.23421223652362824 13
1721605580017 0.2334475919008255 14
1721605580094 0.23289769423007964 15
1721605580169 0.23112170314788819 16
1721605580246 0.230029057264328 17
1721605580328 0.22874610018730163 18
1721605580404 0.22757570779323577 19
1721605580487 0.2255328551530838 20
1721605580570 0.2238136146068573 21
1721605580647 0.22165640354156493 22
1721605580725 0.2194197151660919 23
1721605580805 0.21764584839344026 24
