1721605160967 0.27530919992923736 0
1721605161088 0.256532963514328 1
1721605161206 0.2527055449485779 2
1721605161325 0.2505112072229385 3
1721605161445 0.24919167602062225 4
1721605161560 0.24804389345645905 5
1721605161680 0.24651878464221955 6
1721605161811 0.24425730788707734 7
1721605161938 0.24181273186206817 8
1721605162062 0.2398486145734787 9
1721605162180 0.23846398305892944 10
1721605162300 0.2374623999595642 11
1721605162419 0.23674552869796753 12
1721605162539 0.2362055094242096 13
1721605162655 0.23575845229625703 14
1721605162770 0.23537751281261443 15
1721605162885 0.23501648902893066 16
1721605163004 0.23467654240131378 17
1721605163123 0.23433666408061982 18
1721605163238 0.23398120212554932 19
1721605163360 0.23362638759613036 20
1721605163473 0.23324466574192046 21
1721605163590 0.23284088146686555 22
1721605163706 0.2324262101650238 23
1721605163826 0.23199951434135438 24
