1721606322602 1.235681562423706 0
1721606322757 0.9400299954414367 1
1721606322907 0.6928424806594848 2
1721606323055 0.5423152782917022 3
1721606323202 0.4582053964138031 4
1721606323352 0.3829825119972229 5
1721606323498 0.34089831590652464 6
1721606323649 0.3118065912723541 7
1721606323788 0.2953770966529846 8
1721606323932 0.2830931804180145 9
1721606324072 0.274349037528038 10
1721606324218 0.2700853580236435 11
1721606324350 0.26756412148475645 12
1721606324487 0.2643499695062637 13
1721606324626 0.2619540992975235 14
1721606324759 0.262261022567749 15
1721606324893 0.2591331194639206 16
1721606325030 0.259367918252945 17
1721606325169 0.2578372287750244 18
1721606325303 0.2565991611480713 19
1721606325438 0.2560876774787903 20
1721606325572 0.25550776708126066 21
1721606325711 0.2550150955915451 22
1721606325848 0.254398646235466 23
1721606325985 0.25249387383460997 24
