1721605836785 1.2384644021987916 0
1721605836887 0.8267255735397339 1
1721605836994 0.6077754406929016 2
1721605837095 0.4953492650985718 3
1721605837200 0.4119192674160004 4
1721605837304 0.35971760749816895 5
1721605837410 0.3262194640636444 6
1721605837522 0.303125049829483 7
1721605837629 0.28885885906219483 8
1721605837734 0.278807847738266 9
1721605837841 0.27094146275520326 10
1721605837949 0.26906398487091066 11
1721605838062 0.26562833070755004 12
1721605838173 0.26294713020324706 13
1721605838277 0.2614933861494064 14
1721605838384 0.26013088405132295 15
1721605838485 0.2584458502531052 16
1721605838587 0.2573981409072876 17
1721605838695 0.25591383218765257 18
1721605838800 0.2539993884563446 19
1721605838902 0.25217943453788755 20
1721605839006 0.24967981255054475 21
1721605839109 0.24810944151878356 22
1721605839215 0.2467774099111557 23
1721605839320 0.24539043486118317 24
