1721605106092 0.2737869634628296 0
1721605106203 0.25853286814689636 1
1721605106316 0.2549766361713409 2
1721605106427 0.2529899275302887 3
1721605106538 0.2518959593772888 4
1721605106650 0.2508519703149796 5
1721605106760 0.24917316687107086 6
1721605106873 0.24629629576206208 7
1721605107004 0.2427917364835739 8
1721605107113 0.2402925046682358 9
1721605107226 0.23865241503715515 10
1721605107338 0.23750837016105653 11
1721605107450 0.2366809252500534 12
1721605107560 0.23602162337303162 13
1721605107670 0.23546676480770112 14
1721605107781 0.2349653297662735 15
1721605107894 0.23445057809352876 16
1721605108007 0.23392334377765656 17
1721605108118 0.23338975727558137 18
1721605108225 0.2328631180524826 19
1721605108337 0.2323432903289795 20
1721605108446 0.23182336628437042 21
1721605108556 0.23130197048187257 22
1721605108667 0.23075000357627867 23
1721605108778 0.23018222200870514 24
