1721605133156 0.2804553654193878 0
1721605133274 0.25888064301013947 1
1721605133387 0.2519590091705322 2
1721605133505 0.24814542973041534 3
1721605133617 0.2456494436264038 4
1721605133732 0.24371920466423036 5
1721605133841 0.24219989144802093 6
1721605133962 0.24092230093479156 7
1721605134090 0.2398557734489441 8
1721605134205 0.23896452236175536 9
1721605134319 0.23823541164398193 10
1721605134433 0.2376038736104965 11
1721605134551 0.23704470932483673 12
1721605134665 0.23653286290168762 13
1721605134780 0.23604195535182954 14
1721605134894 0.23555928421020508 15
1721605135010 0.2350636352300644 16
1721605135119 0.23455208802223207 17
1721605135237 0.23403225350379944 18
1721605135354 0.23349308633804322 19
1721605135463 0.23294087886810302 20
1721605135576 0.2323840820789337 21
1721605135690 0.2318132929801941 22
1721605135805 0.2312362767457962 23
1721605135918 0.23064159631729125 24
