1721605914961 1.1632632250785828 0
1721605915077 0.7066579966545105 1
1721605915189 0.5110268461704254 2
1721605915303 0.42032321500778197 3
1721605915414 0.35464178848266603 4
1721605915528 0.32188327836990355 5
1721605915640 0.2968637180328369 6
1721605915752 0.28498374235630036 7
1721605915866 0.2697785165309906 8
1721605915977 0.2660689989328384 9
1721605916092 0.2600256766080856 10
1721605916199 0.2573249560594559 11
1721605916308 0.25399243986606596 12
1721605916416 0.25114374148845675 13
1721605916525 0.24916451799869538 14
1721605916635 0.24896527516841888 15
1721605916745 0.24717710089683534 16
1721605916851 0.24572218704223633 17
1721605916960 0.2443218241930008 18
1721605917071 0.2434289379119873 19
1721605917179 0.24304681086540222 20
1721605917291 0.2426196689605713 21
1721605917399 0.2410992374420166 22
1721605917508 0.24047362983226775 23
1721605917618 0.24002909398078917 24
