1721604957499 0.27040250766277313 0
1721604957597 0.2618357933759689 1
1721604957694 0.25527176666259765 2
1721604957793 0.24999335062503814 3
1721604957891 0.24648490941524506 4
1721604957991 0.24415892124176025 5
1721604958092 0.2424418638944626 6
1721604958192 0.2410336345434189 7
1721604958289 0.23987117707729338 8
1721604958401 0.23890626585483551 9
1721604958500 0.23809825921058655 10
1721604958602 0.23741325116157533 11
1721604958703 0.2368104214668274 12
1721604958803 0.2362341341972351 13
1721604958902 0.2356586376428604 14
1721604959004 0.23510986387729646 15
1721604959104 0.23454825115203856 16
1721604959204 0.23396494460105896 17
1721604959306 0.23338529992103577 18
1721604959404 0.2328134945631027 19
1721604959509 0.23224846041202546 20
1721604959607 0.23166400742530824 21
1721604959706 0.23108290493488312 22
1721604959803 0.23051650178432465 23
1721604959901 0.22996168422698976 24
