1721606031450 0.8136147570610046 0
1721606031576 0.5454718520641327 1
1721606031702 0.42191905856132506 2
1721606031826 0.3691398260593414 3
1721606031947 0.3208112709522247 4
1721606032070 0.29288363409042356 5
1721606032191 0.27829167449474335 6
1721606032311 0.26851577508449553 7
1721606032436 0.26085632014274596 8
1721606032555 0.25615477192401886 9
1721606032676 0.25355378997325895 10
1721606032795 0.24986865043640136 11
1721606032918 0.24865630269050598 12
1721606033045 0.24549134624004365 13
1721606033169 0.24382904183864593 14
1721606033291 0.2419911904335022 15
1721606033415 0.24057259893417357 16
1721606033537 0.23976965165138245 17
1721606033662 0.23854457199573517 18
1721606033785 0.23918891370296477 19
1721606033907 0.2372527856826782 20
1721606034039 0.23604341197013856 21
1721606034155 0.23486642384529113 22
1721606034275 0.23331283330917357 23
1721606034392 0.2313775496482849 24
