1721605492053 0.49448086714744566 0
1721605492122 0.3532247996330261 1
1721605492187 0.3106723082065582 2
1721605492257 0.2853897135257721 3
1721605492325 0.2684792600870132 4
1721605492395 0.25874375927448273 5
1721605492466 0.2525418746471405 6
1721605492536 0.2476298122406006 7
1721605492606 0.2460934695005417 8
1721605492675 0.2432720024585724 9
1721605492744 0.24256069624423982 10
1721605492812 0.24154638957977295 11
1721605492881 0.23951749062538147 12
1721605492947 0.23886633396148682 13
1721605493017 0.23825352585315704 14
1721605493090 0.23705734539031983 15
1721605493158 0.2369811569452286 16
1721605493226 0.2365147225856781 17
1721605493298 0.23576016807556152 18
1721605493369 0.2352893146276474 19
1721605493437 0.23414081573486328 20
1721605493507 0.23371946775913238 21
1721605493578 0.23213784015178682 22
1721605493645 0.23189569056034087 23
1721605493713 0.23081713366508483 24
