1721606501137 1.8098195028305053 0
1721606501265 1.2195098333358765 1
1721606501392 0.9082265095710754 2
1721606501520 0.6743769979476929 3
1721606501648 0.5521950736045838 4
1721606501775 0.4549539611339569 5
1721606501904 0.3817068839073181 6
1721606502032 0.33020430064201356 7
1721606502164 0.3104328393936157 8
1721606502293 0.29316565132141115 9
1721606502422 0.2799953281879425 10
1721606502548 0.27325363993644713 11
1721606502677 0.26975225353240967 12
1721606502807 0.26588396084308624 13
1721606502935 0.26388218212127684 14
1721606503062 0.26388208413124087 15
1721606503194 0.26216108667850496 16
1721606503321 0.2617835853099823 17
1721606503452 0.26058914518356324 18
1721606503582 0.26006197500228884 19
1721606503714 0.258400193810463 20
1721606503842 0.25759678053855894 21
1721606503971 0.2555031567811966 22
1721606504100 0.2522755838632584 23
1721606504231 0.2506898002624512 24
