1721606815202 1.6757762851715088 0
1721606815349 1.0448880014419555 1
1721606815496 0.7432637147903443 2
1721606815644 0.5463713929653168 3
1721606815793 0.4346769244670868 4
1721606815941 0.36510335755348206 5
1721606816088 0.3292857415676117 6
1721606816237 0.30440441155433656 7
1721606816386 0.28998050689697263 8
1721606816533 0.2807876615524292 9
1721606816682 0.2702497954368591 10
1721606816829 0.2664787365198135 11
1721606816978 0.2617912803888321 12
1721606817127 0.25901999628543854 13
1721606817273 0.256267591714859 14
1721606817424 0.25558769094944 15
1721606817570 0.2538678534030914 16
1721606817718 0.25101735627651217 17
1721606817868 0.24848904943466185 18
1721606818016 0.24608094704151154 19
1721606818166 0.24514376533031462 20
1721606818313 0.24362418437004088 21
1721606818461 0.2416425106525421 22
1721606818608 0.24040613484382628 23
1721606818758 0.23952985024452209 24
