1721604713681 0.2641836004257202 0
1721604713752 0.2591795822381973 1
1721604713820 0.25606474006175994 2
1721604713890 0.2527750335931778 3
1721604713959 0.24936079263687133 4
1721604714032 0.24669061744213105 5
1721604714103 0.24449411070346833 6
1721604714167 0.242663431763649 7
1721604714235 0.24127838742733002 8
1721604714300 0.24025651681423188 9
1721604714365 0.23949367022514342 10
1721604714433 0.23893466663360596 11
1721604714500 0.23849688589572907 12
1721604714574 0.23815007758140563 13
1721604714662 0.2378538259267807 14
1721604714739 0.23758371460437774 15
1721604714807 0.2373408569097519 16
1721604714879 0.237120197057724 17
1721604714954 0.23691700661182405 18
1721604715026 0.2367132339477539 19
1721604715097 0.23652546393871307 20
1721604715167 0.23634147012233733 21
1721604715237 0.2361506941318512 22
1721604715301 0.2359635339975357 23
1721604715365 0.2357528511285782 24
