1721605864205 1.5078704290390015 0
1721605864311 0.8641990294456482 1
1721605864418 0.5886134059429169 2
1721605864524 0.4931849093437195 3
1721605864629 0.40551662230491636 4
1721605864736 0.3486672534942627 5
1721605864842 0.31533370780944825 6
1721605864945 0.2982561502456665 7
1721605865053 0.28529206943511964 8
1721605865161 0.27935513138771056 9
1721605865265 0.2718693429231644 10
1721605865368 0.2680424646139145 11
1721605865478 0.2676640719175339 12
1721605865584 0.264621622800827 13
1721605865690 0.26271060574054717 14
1721605865794 0.2618871722221375 15
1721605865899 0.2611024661064148 16
1721605866008 0.2602545261383057 17
1721605866118 0.2594007761478424 18
1721605866209 0.2587111908197403 19
1721605866298 0.2573577085733414 20
1721605866386 0.2565453097820282 21
1721605866473 0.25439732003211973 22
1721605866561 0.2525286314487457 23
1721605866657 0.25163365495204926 24
