1721604681977 0.2635232390165329 0
1721604682041 0.2608992540836334 1
1721604682104 0.259526096701622 2
1721604682163 0.2576422574520111 3
1721604682225 0.25478242766857145 4
1721604682291 0.2514873102903366 5
1721604682355 0.24848088550567626 6
1721604682419 0.2459026098251343 7
1721604682484 0.24380041515827178 8
1721604682547 0.24204160583019257 9
1721604682608 0.24065862953662873 10
1721604682673 0.23952837884426117 11
1721604682737 0.23870339286327363 12
1721604682802 0.23809109020233155 13
1721604682878 0.23759308195114134 14
1721604682958 0.2371836063861847 15
1721604683031 0.23684149420261383 16
1721604683093 0.23653307926654815 17
1721604683168 0.2362428160905838 18
1721604683228 0.23599484515190125 19
1721604683290 0.2357866290807724 20
1721604683352 0.23558463609218597 21
1721604683416 0.23539034819602966 22
1721604683480 0.23519502687454225 23
1721604683543 0.2349890686273575 24
