1721604652791 0.2785105540752411 0
1721604652850 0.26592426931858065 1
1721604652901 0.26083520805835725 2
1721604652949 0.2589593076705933 3
1721604652997 0.2583625565767288 4
1721604653048 0.25822033202648165 5
1721604653095 0.25821927082538604 6
1721604653143 0.2581684331893921 7
1721604653191 0.25779753720760346 8
1721604653239 0.25685360634326937 9
1721604653287 0.2545264698266983 10
1721604653334 0.25108860874176026 11
1721604653385 0.24802609956264496 12
1721604653435 0.24596677005290984 13
1721604653484 0.24460522317886352 14
1721604653533 0.24364664351940155 15
1721604653579 0.24292349183559417 16
1721604653629 0.24238689815998077 17
1721604653692 0.24195965957641602 18
1721604653746 0.24161597502231597 19
1721604653806 0.24134356498718262 20
1721604653873 0.2411191372871399 21
1721604653930 0.2409381992816925 22
1721604653983 0.2407858462333679 23
1721604654034 0.24067186522483824 24
