1721604804788 0.2874759023189545 0
1721604804868 0.2669877868890762 1
1721604804945 0.25678749358654024 2
1721604805026 0.2541781896352768 3
1721604805108 0.2536314430236816 4
1721604805190 0.2536284033060074 5
1721604805269 0.2538811753988266 6
1721604805350 0.25426657176017764 7
1721604805432 0.2546739976406097 8
1721604805510 0.2550456390380859 9
1721604805593 0.2553224487304688 10
1721604805685 0.255458393573761 11
1721604805774 0.2556315892934799 12
1721604805854 0.2559300618171692 13
1721604805936 0.2562035918235779 14
1721604806021 0.25638134133815765 15
1721604806100 0.2564339572191238 16
1721604806183 0.2563368164300919 17
1721604806264 0.2559897392988205 18
1721604806345 0.25451515007019043 19
1721604806426 0.2516361984014511 20
1721604806505 0.24817522490024566 21
1721604806586 0.245384001493454 22
1721604806665 0.24366844701766968 23
1721604806747 0.24262189447879792 24
